49110196	526	-42
84883062	526	-65
85504962	526	-66
123394850	526	-17
184996618	526	-84
240344128	526	-16
343226802	526	-85
297381072	521	-251
59021699	519	2
205853112	518	-118
240464794	518	-110
14175997	517	-1126
17209338	517	-52
23814405	517	-47
24560495	517	-1425
31162933	517	-1425
65132027	517	-1124
66484345	517	-1424
91629480	517	-1425
98172966	517	-1424
106498043	517	-1118
107423390	517	-1116
131152406	517	-1325
131298723	517	-1425
138958209	517	-1425
167812926	517	-1425
188063604	517	-1119
197545080	517	-1425
199215402	517	-1118
200419852	517	-1425
208462011	517	-1425
224470876	517	-30
229848296	517	-1119
232394827	517	-1425
235747435	517	-1425
236300334	517	-52
241118763	517	-1425
246900851	517	-1139
269989465	517	-158
275459294	517	-1405
315299532	517	-33
339632739	517	-1425
344486325	517	-1425
357318474	517	-1118
369009129	517	-1425
375800530	517	-1424
377702470	517	-1116
386090155	517	-1115
393342844	517	-90
398968142	517	-158
402323354	517	-536
411102425	517	-79
411679565	517	-49
412978127	517	-112
413063493	517	-1126
428720853	517	-1120
432750805	517	-1121
174420328	512	-227
292796862	512	-1501
286908919	511	-1425
19083695	508	-1425
53112858	501	-707
412341897	501	-769
131792204	486	-1116
1956564	478	-1359
49391340	478	-1417
130376642	478	-1060
353880468	478	-583
59051264	477	-89
81742837	477	-1440
90613745	477	-65
95656941	477	-819
125715594	477	-191
127554108	477	-81
137212642	477	-644
139279275	477	-47
151813771	477	-290
193226637	477	-288
213774082	477	-454
222119843	477	-119
227692718	477	-1440
240143067	477	-464
269992365	477	-819
311698971	477	-341
323562176	477	-90
335729820	477	-822
340600749	477	-1440
354148895	477	-196
359576151	477	-570
370556322	477	-623
378264724	477	-428
386258336	477	-94
399529951	477	-29
400685355	477	-202
2733139	471	-122
2827144	471	-554
4265943	471	-128
7378360	471	-420
11514125	471	-396
16065052	471	-81
32203611	471	-1448
33545181	471	-119
51425546	471	-100
54363920	471	-825
57729397	471	-825
58528317	471	-99
64460161	471	-119
64483422	471	-825
77795858	471	-225
78135064	471	-39
80260863	471	-1448
80621549	471	-355
91989449	471	-1448
104485654	471	-33
108964459	471	-142
117063712	471	-119
118976097	471	-73
128844861	471	-825
138839110	471	-284
160069915	471	-1450
160409765	471	-825
161557745	471	-433
171273108	471	-29
172670657	471	-825
173262207	471	-1448
177463297	471	-825
186169443	471	-1450
186316666	471	-825
191468195	471	-29
192770975	471	-44
196637979	471	-825
197510208	471	-122
200802212	471	-73
212407941	471	-14
214428980	471	-1448
216500256	471	-56
216606311	471	-825
225857200	471	-396
231470390	471	-122
231472352	471	-434
239582660	471	-112
241321866	471	-825
241686313	471	-1450
241773200	471	-825
248405816	471	-825
256018957	471	-51
263721099	471	-1448
280898705	471	-1448
283928729	471	-825
286109336	471	-284
286302140	471	-108
286567369	471	-195
298567051	471	-1440
298850675	471	-825
305300981	471	-480
312259125	471	-54
319435689	471	-1448
320531541	471	-119
320580368	471	-1448
321388247	471	-112
324482607	471	-825
343177295	471	-1254
351739205	471	-825
352116281	471	-293
357148827	471	-539
363687023	471	-28
369834640	471	-825
370358826	471	-119
372116963	471	-467
373980324	471	-1448
375178265	471	-480
378909718	471	-294
393097444	471	-825
395141796	471	-480
399806164	471	-158
401657087	471	-119
410146352	471	-825
412055614	471	-825
414510574	471	-480
424524710	471	-227
424760116	471	-1448
428944788	471	-448
435060627	471	-825
435789784	471	-493
437850638	471	-825
438114789	471	-480
445742320	471	-825
36304426	470	-122
300645754	470	-62
367626544	470	-132
87386216	464	-825
48937140	463	-453
65232980	463	-825
69399573	463	-1448
92749114	463	-87
114973663	463	-97
192658289	463	-396
228648788	463	-29
273525318	463	-68
293528695	463	-119
364922388	463	-77
391257733	463	-122
405466643	463	-82
141413704	462	-825
3755240	458	-825
158451130	455	-111
207715285	453	-1424
352845598	453	-1425
805159	433	-162
366224811	433	-550
277259199	425	-481
280349520	425	-522
333424200	421	-290
169595563	412	-91
133588061	400	-316
137532117	384	-112
342476869	376	-1425
6098782	349	-14
384984735	332	-1425
13932605	321	-1425
291032729	295	-102
175387493	246	-1182
441467567	240	31
51466794	228	-31
436044778	228	-27
147310342	217	-2456
374064220	217	-477
309068912	213	-55
434375700	194	-1425
131114468	186	-157
37369589	178	31
201425971	177	-1182
378103026	177	-1182
404830254	157	-50
434577565	157	-67
278939995	153	-97
283177274	153	-98
220636578	150	-356
250324091	140	-1347
176794169	124	28
59910742	123	58
84104204	123	-95
117057211	123	-28
226121208	123	86
361835244	123	-61
442593579	122	87
174315882	99	-696
309675585	76	-203
55598891	75	-200
112039669	75	-18
146047179	75	-154
165708119	75	-217
176070664	75	-245
200328402	75	-200
202639796	75	-200
322408119	75	-242
88769862	73	-321
221453626	73	-603
247227589	73	-470
261341745	73	-603
41453868	71	-214
193576199	71	-342
283731173	71	-720
352683972	71	-704
43116020	70	-534
50565062	70	-36
71383095	70	-523
100897241	70	-534
106657944	70	-72
121414179	70	-36
183614825	70	-36
206858416	70	-35
231183172	70	-534
300709856	70	-336
332456137	70	-534
336194064	70	-533
346927665	70	-336
362573719	70	-1804
441217194	70	-36
34609234	69	-152
81936876	69	-250
88952079	69	-126
94530420	69	-190
151091174	69	-13
168918888	69	-13
177191690	69	-66
200442233	69	-454
238025139	69	-279
345572575	69	-250
346652999	69	-300
371755151	69	-152
390273918	69	-250
90944856	68	-246
139006622	68	-92
305042327	68	-318
307266987	68	-524
340177205	68	-1799
394479254	68	-534
410067047	68	-99
3307893	67	89
13284088	67	33
19149313	67	-153
25926200	67	62
27002342	67	89
27740877	67	89
27954042	67	-268
32191808	67	36
32324977	67	89
35266989	67	-17
46330326	67	89
50175563	67	-44
56260767	67	89
56521676	67	-2784
57996559	67	-73
62424571	67	89
62899396	67	89
65346454	67	24
68135012	67	89
69003384	67	89
76900453	67	89
79865784	67	89
81410667	67	89
81758487	67	-306
83231066	67	89
84228049	67	-306
85487907	67	-11
87659578	67	89
90932516	67	-73
94797406	67	89
104595498	67	89
121613532	67	89
124978378	67	89
127552457	67	89
144348797	67	16
149801020	67	89
152012677	67	89
157208638	67	89
163920340	67	89
166392772	67	24
170055930	67	89
173297763	67	-44
180634100	67	89
182548486	67	89
189828006	67	89
192074874	67	89
192363116	67	89
207949447	67	89
235010153	67	89
235929630	67	89
253983143	67	89
268613721	67	89
271688575	67	89
275352036	67	89
275695991	67	-306
285796829	67	89
292027888	67	89
299888323	67	89
317186796	67	89
323883697	67	89
332743563	67	89
333056514	67	89
333976362	67	89
338446067	67	89
340349246	67	89
349049483	67	89
351184366	67	89
352668795	67	36
366085918	67	36
373366098	67	89
375796986	67	89
375801543	67	89
377625384	67	89
380336079	67	-21
388149006	67	89
396683395	67	89
397666026	67	89
403963353	67	-44
429178283	67	89
443297337	67	89
12495195	66	-36
29417192	66	-120
35529987	66	-291
58762189	66	-279
60087922	66	24
61116112	66	-524
61175066	66	-36
68508370	66	-36
73396580	66	-46
89515726	66	-36
98087808	66	-389
100150433	66	-36
134474385	66	-46
135560509	66	-114
146439849	66	-36
151776768	66	91
151862141	66	-293
162913996	66	-36
209817243	66	-33
226605017	66	-36
237995185	66	69
244881656	66	-36
251979846	66	-37
258999222	66	-36
265657313	66	-36
266507396	66	-86
292703943	66	-370
321535602	66	-19
324048044	66	-36
333193700	66	-76
342820029	66	-263
343383184	66	-36
385265807	66	-3
387704863	66	-35
400961790	66	-389
435330826	66	-2901
16906796	65	-321
27651812	65	-44
35140743	65	2
53812386	65	-413
60297673	65	-42
83429528	65	-357
107045647	65	-302
114669568	65	-299
127312112	65	-17
152125846	65	-28
252185187	65	-111
293375255	65	-724
327265917	65	-299
329619272	65	64
330298306	65	-306
350373681	65	-239
366925511	65	-111
374085508	65	-430
378801919	65	19
379331490	65	-357
388221566	65	-36
396899104	65	-32
423003238	65	-156
7135596	64	-299
16842033	64	-44
20082325	64	-73
25774938	64	-319
33519103	64	-304
38827054	64	-36
46422462	64	-36
68558227	64	-345
70440367	64	20
75236493	64	-44
85159438	64	84
91085275	64	-319
96385067	64	-319
102781831	64	-319
104768606	64	-304
121581595	64	-17
127771697	64	25
145206065	64	-301
157067369	64	-217
171331598	64	-806
181126057	64	-132
184305157	64	-36
185045573	64	26
186634687	64	-36
190247926	64	-319
191554742	64	-36
229142834	64	-437
250665845	64	16
265439718	64	-828
281295068	64	-66
282609914	64	-36
282942918	64	-331
300953794	64	-39
301329308	64	-319
307169881	64	-217
323361152	64	-319
329914124	64	-39
333993451	64	-505
336178782	64	-36
336850657	64	-67
338943141	64	-149
352223825	64	-44
357865994	64	-217
362483074	64	-301
370151899	64	-43
374693988	64	-75
376549325	64	-32
381437175	64	-4
390307932	64	-59
403650655	64	-35
8854137	63	-44
23499152	63	-45
64297967	63	-44
65177403	63	-194
75229603	63	-148
75285400	63	-44
92849356	63	-163
139540091	63	-29
160750812	63	-148
164091337	63	-353
188173963	63	-44
219439610	63	-36
237157296	63	-177
241901028	63	-3090
246023671	63	-44
255026940	63	-36
273503625	63	-156
314949437	63	-325
325403313	63	-137
328266980	63	-117
341180527	63	-153
351380755	63	-36
364894381	63	-98
383665856	63	-44
409501364	63	-475
431403416	63	-148
436422906	63	-36
442540047	63	-156
445505510	63	-175
 